Acer;Calle 26 # 75 - 80;4539856;Juan Casas
Acer;Calle 26 # 75 - 81;4539857;Juan Casas
Acer;Calle 26 # 75 - 82;4539858;Juan Casas
Acer;Calle 26 # 75 - 83;4539859;Juan Casas
Acer;Calle 26 # 75 - 84;4539860;Juan Casas
Acer;Calle 26 # 75 - 85;4539861;Juan Casas
Acer;Calle 26 # 75 - 86;4539862;Juan Casas
Acer;Calle 26 # 75 - 87;4539863;Juan Casas
Acer;Calle 26 # 75 - 88;4539864;Juan Casas
Acer;Calle 26 # 75 - 89;4539865;Juan Casas
Acer;Calle 26 # 75 - 90;4539866;Juan Casas
Acer;Calle 26 # 75 - 91;4539867;Juan Casas
Acer;Calle 26 # 75 - 92;4539868;Juan Casas
Acer;Calle 26 # 75 - 93;4539869;Juan Casas
Acer;Calle 26 # 75 - 94;4539870;Juan Casas
Acer;Calle 26 # 75 - 95;4539871;Juan Casas
Acer;Calle 26 # 75 - 96;4539872;Juan Casas
Acer;Calle 26 # 75 - 97;4539873;Juan Casas
Acer;Calle 26 # 75 - 98;4539874;Juan Casas
Acer;Calle 26 # 75 - 99;4539875;Juan Casas
Acer;Calle 26 # 75 - 100;4539876;Juan Casas
Acer;Calle 26 # 75 - 101;4539877;Juan Casas
Acer;Calle 26 # 75 - 102;4539878;Juan Casas
Acer;Calle 26 # 75 - 103;4539879;Juan Casas
Acer;Calle 26 # 75 - 104;4539880;Juan Casas
Acer;Calle 26 # 75 - 105;4539881;Juan Casas
Acer;Calle 26 # 75 - 106;4539882;Juan Casas
Acer;Calle 26 # 75 - 107;4539883;Juan Casas
Acer;Calle 26 # 75 - 108;4539884;Juan Casas
Acer;Calle 26 # 75 - 109;4539885;Juan Casas
Acer;Calle 26 # 75 - 110;4539886;Juan Casas
Acer;Calle 26 # 75 - 111;4539887;Juan Casas
Acer;Calle 26 # 75 - 112;4539888;Juan Casas
Acer;Calle 26 # 75 - 113;4539889;Juan Casas
Acer;Calle 26 # 75 - 114;4539890;Juan Casas
Acer;Calle 26 # 75 - 115;4539891;Juan Casas
Acer;Calle 26 # 75 - 116;4539892;Juan Casas
Acer;Calle 26 # 75 - 117;4539893;Juan Casas
Acer;Calle 26 # 75 - 118;4539894;Juan Casas
Acer;Calle 26 # 75 - 119;4539895;Juan Casas
Acer;Calle 26 # 75 - 120;4539896;Juan Casas
Acer;Calle 26 # 75 - 121;4539897;Juan Casas
Acer;Calle 26 # 75 - 122;4539898;Juan Casas
Acer;Calle 26 # 75 - 123;4539899;Juan Casas
Acer;Calle 26 # 75 - 124;4539900;Juan Casas
Acer;Calle 26 # 75 - 125;4539901;Juan Casas
Acer;Calle 26 # 75 - 126;4539902;Juan Casas
Acer;Calle 26 # 75 - 127;4539903;Juan Casas
Acer;Calle 26 # 75 - 128;4539904;Juan Casas
Acer;Calle 26 # 75 - 129;4539905;Juan Casas
Acer;Calle 26 # 75 - 130;4539906;Juan Casas
Acer;Calle 26 # 75 - 131;4539907;Juan Casas
Acer;Calle 26 # 75 - 132;4539908;Juan Casas
Acer;Calle 26 # 75 - 133;4539909;Juan Casas
Acer;Calle 26 # 75 - 134;4539910;Juan Casas
Acer;Calle 26 # 75 - 135;4539911;Juan Casas
Acer;Calle 26 # 75 - 136;4539912;Juan Casas
Acer;Calle 26 # 75 - 137;4539913;Juan Casas
Acer;Calle 26 # 75 - 138;4539914;Juan Casas
Acer;Calle 26 # 75 - 139;4539915;Juan Casas
Acer;Calle 26 # 75 - 140;4539916;Juan Casas
Acer;Calle 26 # 75 - 141;4539917;Juan Casas
Acer;Calle 26 # 75 - 142;4539918;Juan Casas
Acer;Calle 26 # 75 - 143;4539919;Juan Casas
Acer;Calle 26 # 75 - 144;4539920;Juan Casas
Acer;Calle 26 # 75 - 145;4539921;Juan Casas
Acer;Calle 26 # 75 - 146;4539922;Juan Casas
Acer;Calle 26 # 75 - 147;4539923;Juan Casas
Acer;Calle 26 # 75 - 148;4539924;Juan Casas
Acer;Calle 26 # 75 - 149;4539925;Juan Casas
Acer;Calle 26 # 75 - 150;4539926;Juan Casas
Acer;Calle 26 # 75 - 151;4539927;Juan Casas
Acer;Calle 26 # 75 - 152;4539928;Juan Casas
Acer;Calle 26 # 75 - 153;4539929;Juan Casas
Acer;Calle 26 # 75 - 154;4539930;Juan Casas
Acer;Calle 26 # 75 - 155;4539931;Juan Casas
Acer;Calle 26 # 75 - 156;4539932;Juan Casas
Acer;Calle 26 # 75 - 157;4539933;Juan Casas
Acer;Calle 26 # 75 - 158;4539934;Juan Casas
Acer;Calle 26 # 75 - 159;4539935;Juan Casas
Acer;Calle 26 # 75 - 160;4539936;Juan Casas
Acer;Calle 26 # 75 - 161;4539937;Juan Casas
Acer;Calle 26 # 75 - 162;4539938;Juan Casas
Acer;Calle 26 # 75 - 163;4539939;Juan Casas
Acer;Calle 26 # 75 - 164;4539940;Juan Casas
Acer;Calle 26 # 75 - 165;4539941;Juan Casas
Acer;Calle 26 # 75 - 166;4539942;Juan Casas
Acer;Calle 26 # 75 - 167;4539943;Juan Casas
Acer;Calle 26 # 75 - 168;4539944;Juan Casas
Acer;Calle 26 # 75 - 169;4539945;Juan Casas
Acer;Calle 26 # 75 - 170;4539946;Juan Casas
Acer;Calle 26 # 75 - 171;4539947;Juan Casas
Acer;Calle 26 # 75 - 172;4539948;Juan Casas
Acer;Calle 26 # 75 - 173;4539949;Juan Casas
Acer;Calle 26 # 75 - 174;4539950;Juan Casas
Acer;Calle 26 # 75 - 175;4539951;Juan Casas
Acer;Calle 26 # 75 - 176;4539952;Juan Casas
Acer;Calle 26 # 75 - 177;4539953;Juan Casas
Acer;Calle 26 # 75 - 178;4539954;Juan Casas
Acer;Calle 26 # 75 - 179;4539955;Juan Casas
Acer;Calle 26 # 75 - 180;4539956;Juan Casas
Acer;Calle 26 # 75 - 181;4539957;Juan Casas
Acer;Calle 26 # 75 - 182;4539958;Juan Casas
Acer;Calle 26 # 75 - 183;4539959;Juan Casas
Acer;Calle 26 # 75 - 184;4539960;Juan Casas
Acer;Calle 26 # 75 - 185;4539961;Juan Casas
Acer;Calle 26 # 75 - 186;4539962;Juan Casas
Acer;Calle 26 # 75 - 187;4539963;Juan Casas
Acer;Calle 26 # 75 - 188;4539964;Juan Casas
Acer;Calle 26 # 75 - 189;4539965;Juan Casas
Acer;Calle 26 # 75 - 190;4539966;Juan Casas
Acer;Calle 26 # 75 - 191;4539967;Juan Casas
Acer;Calle 26 # 75 - 192;4539968;Juan Casas
Acer;Calle 26 # 75 - 193;4539969;Juan Casas
Acer;Calle 26 # 75 - 194;4539970;Juan Casas
Acer;Calle 26 # 75 - 195;4539971;Juan Casas
Acer;Calle 26 # 75 - 196;4539972;Juan Casas
Acer;Calle 26 # 75 - 197;4539973;Juan Casas
Acer;Calle 26 # 75 - 198;4539974;Juan Casas
Acer;Calle 26 # 75 - 199;4539975;Juan Casas
Acer;Calle 26 # 75 - 200;4539976;Juan Casas
Acer;Calle 26 # 75 - 201;4539977;Juan Casas
Acer;Calle 26 # 75 - 202;4539978;Juan Casas
Acer;Calle 26 # 75 - 203;4539979;Juan Casas
Acer;Calle 26 # 75 - 204;4539980;Juan Casas
Acer;Calle 26 # 75 - 205;4539981;Juan Casas
Acer;Calle 26 # 75 - 206;4539982;Juan Casas
Acer;Calle 26 # 75 - 207;4539983;Juan Casas
Acer;Calle 26 # 75 - 208;4539984;Juan Casas
Acer;Calle 26 # 75 - 209;4539985;Juan Casas
Acer;Calle 26 # 75 - 210;4539986;Juan Casas
Acer;Calle 26 # 75 - 211;4539987;Juan Casas
Acer;Calle 26 # 75 - 212;4539988;Juan Casas
Acer;Calle 26 # 75 - 213;4539989;Juan Casas
Acer;Calle 26 # 75 - 214;4539990;Juan Casas
Acer;Calle 26 # 75 - 215;4539991;Juan Casas
Acer;Calle 26 # 75 - 216;4539992;Juan Casas
Acer;Calle 26 # 75 - 217;4539993;Juan Casas
Acer;Calle 26 # 75 - 218;4539994;Juan Casas
Acer;Calle 26 # 75 - 219;4539995;Juan Casas
Acer;Calle 26 # 75 - 220;4539996;Juan Casas
Acer;Calle 26 # 75 - 221;4539997;Juan Casas
Acer;Calle 26 # 75 - 222;4539998;Juan Casas
Acer;Calle 26 # 75 - 223;4539999;Juan Casas
Acer;Calle 26 # 75 - 224;4540000;Juan Casas
Acer;Calle 26 # 75 - 225;4540001;Juan Casas
Acer;Calle 26 # 75 - 226;4540002;Juan Casas
Acer;Calle 26 # 75 - 227;4540003;Juan Casas
Acer;Calle 26 # 75 - 228;4540004;Juan Casas
Acer;Calle 26 # 75 - 229;4540005;Juan Casas
Acer;Calle 26 # 75 - 230;4540006;Juan Casas
Acer;Calle 26 # 75 - 231;4540007;Juan Casas
Acer;Calle 26 # 75 - 232;4540008;Juan Casas
Acer;Calle 26 # 75 - 233;4540009;Juan Casas
Acer;Calle 26 # 75 - 234;4540010;Juan Casas
Acer;Calle 26 # 75 - 235;4540011;Juan Casas
Acer;Calle 26 # 75 - 236;4540012;Juan Casas
Acer;Calle 26 # 75 - 237;4540013;Juan Casas
Acer;Calle 26 # 75 - 238;4540014;Juan Casas
Acer;Calle 26 # 75 - 239;4540015;Juan Casas
Acer;Calle 26 # 75 - 240;4540016;Juan Casas
Acer;Calle 26 # 75 - 241;4540017;Juan Casas
Acer;Calle 26 # 75 - 242;4540018;Juan Casas
Acer;Calle 26 # 75 - 243;4540019;Juan Casas
Acer;Calle 26 # 75 - 244;4540020;Juan Casas
Acer;Calle 26 # 75 - 245;4540021;Juan Casas
Acer;Calle 26 # 75 - 246;4540022;Juan Casas
Acer;Calle 26 # 75 - 247;4540023;Juan Casas
Acer;Calle 26 # 75 - 248;4540024;Juan Casas
Acer;Calle 26 # 75 - 249;4540025;Juan Casas
Acer;Calle 26 # 75 - 250;4540026;Juan Casas
Acer;Calle 26 # 75 - 251;4540027;Juan Casas
Acer;Calle 26 # 75 - 252;4540028;Juan Casas
Acer;Calle 26 # 75 - 253;4540029;Juan Casas
Acer;Calle 26 # 75 - 254;4540030;Juan Casas
Acer;Calle 26 # 75 - 255;4540031;Juan Casas
Acer;Calle 26 # 75 - 256;4540032;Juan Casas
Acer;Calle 26 # 75 - 257;4540033;Juan Casas
Acer;Calle 26 # 75 - 258;4540034;Juan Casas
Acer;Calle 26 # 75 - 259;4540035;Juan Casas
Acer;Calle 26 # 75 - 260;4540036;Juan Casas
Acer;Calle 26 # 75 - 261;4540037;Juan Casas
Acer;Calle 26 # 75 - 262;4540038;Juan Casas
Acer;Calle 26 # 75 - 263;4540039;Juan Casas
Acer;Calle 26 # 75 - 264;4540040;Juan Casas
Acer;Calle 26 # 75 - 265;4540041;Juan Casas
Acer;Calle 26 # 75 - 266;4540042;Juan Casas
Acer;Calle 26 # 75 - 267;4540043;Juan Casas
Acer;Calle 26 # 75 - 268;4540044;Juan Casas
Acer;Calle 26 # 75 - 269;4540045;Juan Casas
Acer;Calle 26 # 75 - 270;4540046;Juan Casas
Acer;Calle 26 # 75 - 271;4540047;Juan Casas
Acer;Calle 26 # 75 - 272;4540048;Juan Casas
Acer;Calle 26 # 75 - 273;4540049;Juan Casas
Acer;Calle 26 # 75 - 274;4540050;Juan Casas
Acer;Calle 26 # 75 - 275;4540051;Juan Casas
Acer;Calle 26 # 75 - 276;4540052;Juan Casas
Acer;Calle 26 # 75 - 277;4540053;Juan Casas
Acer;Calle 26 # 75 - 278;4540054;Juan Casas
Acer;Calle 26 # 75 - 279;4540055;Juan Casas
Acer;Calle 26 # 75 - 280;4540056;Juan Casas
Acer;Calle 26 # 75 - 281;4540057;Juan Casas
Acer;Calle 26 # 75 - 282;4540058;Juan Casas
Acer;Calle 26 # 75 - 283;4540059;Juan Casas
Acer;Calle 26 # 75 - 284;4540060;Juan Casas
Acer;Calle 26 # 75 - 285;4540061;Juan Casas
Acer;Calle 26 # 75 - 286;4540062;Juan Casas
Acer;Calle 26 # 75 - 287;4540063;Juan Casas
Acer;Calle 26 # 75 - 288;4540064;Juan Casas
Acer;Calle 26 # 75 - 289;4540065;Juan Casas
Acer;Calle 26 # 75 - 290;4540066;Juan Casas
Acer;Calle 26 # 75 - 291;4540067;Juan Casas
Acer;Calle 26 # 75 - 292;4540068;Juan Casas
Acer;Calle 26 # 75 - 293;4540069;Juan Casas
Acer;Calle 26 # 75 - 294;4540070;Juan Casas
Acer;Calle 26 # 75 - 295;4540071;Juan Casas
Acer;Calle 26 # 75 - 296;4540072;Juan Casas
Acer;Calle 26 # 75 - 297;4540073;Juan Casas
Acer;Calle 26 # 75 - 298;4540074;Juan Casas
Acer;Calle 26 # 75 - 299;4540075;Juan Casas
Acer;Calle 26 # 75 - 300;4540076;Juan Casas
Acer;Calle 26 # 75 - 301;4540077;Juan Casas
Acer;Calle 26 # 75 - 302;4540078;Juan Casas
Acer;Calle 26 # 75 - 303;4540079;Juan Casas
Acer;Calle 26 # 75 - 304;4540080;Juan Casas
Acer;Calle 26 # 75 - 305;4540081;Juan Casas
Acer;Calle 26 # 75 - 306;4540082;Juan Casas
Acer;Calle 26 # 75 - 307;4540083;Juan Casas
Acer;Calle 26 # 75 - 308;4540084;Juan Casas
Acer;Calle 26 # 75 - 309;4540085;Juan Casas
Acer;Calle 26 # 75 - 310;4540086;Juan Casas
Acer;Calle 26 # 75 - 311;4540087;Juan Casas
Acer;Calle 26 # 75 - 312;4540088;Juan Casas
Acer;Calle 26 # 75 - 313;4540089;Juan Casas
Acer;Calle 26 # 75 - 314;4540090;Juan Casas
Acer;Calle 26 # 75 - 315;4540091;Juan Casas
Acer;Calle 26 # 75 - 316;4540092;Juan Casas
Acer;Calle 26 # 75 - 317;4540093;Juan Casas
Acer;Calle 26 # 75 - 318;4540094;Juan Casas
Acer;Calle 26 # 75 - 319;4540095;Juan Casas
Acer;Calle 26 # 75 - 320;4540096;Juan Casas
Acer;Calle 26 # 75 - 321;4540097;Juan Casas
Acer;Calle 26 # 75 - 322;4540098;Juan Casas
Acer;Calle 26 # 75 - 323;4540099;Juan Casas
Acer;Calle 26 # 75 - 324;4540100;Juan Casas
Acer;Calle 26 # 75 - 325;4540101;Juan Casas
Acer;Calle 26 # 75 - 326;4540102;Juan Casas
Acer;Calle 26 # 75 - 327;4540103;Juan Casas
Acer;Calle 26 # 75 - 328;4540104;Juan Casas
Acer;Calle 26 # 75 - 329;4540105;Juan Casas
Acer;Calle 26 # 75 - 330;4540106;Juan Casas
Acer;Calle 26 # 75 - 331;4540107;Juan Casas
Acer;Calle 26 # 75 - 332;4540108;Juan Casas
Acer;Calle 26 # 75 - 333;4540109;Juan Casas
Acer;Calle 26 # 75 - 334;4540110;Juan Casas
Acer;Calle 26 # 75 - 335;4540111;Juan Casas
Acer;Calle 26 # 75 - 336;4540112;Juan Casas
Acer;Calle 26 # 75 - 337;4540113;Juan Casas
Acer;Calle 26 # 75 - 338;4540114;Juan Casas
Acer;Calle 26 # 75 - 339;4540115;Juan Casas
Acer;Calle 26 # 75 - 340;4540116;Juan Casas
Acer;Calle 26 # 75 - 341;4540117;Juan Casas
Acer;Calle 26 # 75 - 342;4540118;Juan Casas
Acer;Calle 26 # 75 - 343;4540119;Juan Casas
Acer;Calle 26 # 75 - 344;4540120;Juan Casas
Acer;Calle 26 # 75 - 345;4540121;Juan Casas
Acer;Calle 26 # 75 - 346;4540122;Juan Casas
Acer;Calle 26 # 75 - 347;4540123;Juan Casas
Acer;Calle 26 # 75 - 348;4540124;Juan Casas
Acer;Calle 26 # 75 - 349;4540125;Juan Casas
Acer;Calle 26 # 75 - 350;4540126;Juan Casas
Acer;Calle 26 # 75 - 351;4540127;Juan Casas
Acer;Calle 26 # 75 - 352;4540128;Juan Casas
Acer;Calle 26 # 75 - 353;4540129;Juan Casas
Acer;Calle 26 # 75 - 354;4540130;Juan Casas
Acer;Calle 26 # 75 - 355;4540131;Juan Casas
Acer;Calle 26 # 75 - 356;4540132;Juan Casas
Acer;Calle 26 # 75 - 357;4540133;Juan Casas
Acer;Calle 26 # 75 - 358;4540134;Juan Casas
Acer;Calle 26 # 75 - 359;4540135;Juan Casas
Acer;Calle 26 # 75 - 360;4540136;Juan Casas
Acer;Calle 26 # 75 - 361;4540137;Juan Casas
Acer;Calle 26 # 75 - 362;4540138;Juan Casas
Acer;Calle 26 # 75 - 363;4540139;Juan Casas
Acer;Calle 26 # 75 - 364;4540140;Juan Casas
Acer;Calle 26 # 75 - 365;4540141;Juan Casas
Acer;Calle 26 # 75 - 366;4540142;Juan Casas
Acer;Calle 26 # 75 - 367;4540143;Juan Casas
Acer;Calle 26 # 75 - 368;4540144;Juan Casas
Acer;Calle 26 # 75 - 369;4540145;Juan Casas
Acer;Calle 26 # 75 - 370;4540146;Juan Casas
Acer;Calle 26 # 75 - 371;4540147;Juan Casas
Acer;Calle 26 # 75 - 372;4540148;Juan Casas
Acer;Calle 26 # 75 - 373;4540149;Juan Casas
Acer;Calle 26 # 75 - 374;4540150;Juan Casas
Acer;Calle 26 # 75 - 375;4540151;Juan Casas
Acer;Calle 26 # 75 - 376;4540152;Juan Casas
Acer;Calle 26 # 75 - 377;4540153;Juan Casas
Acer;Calle 26 # 75 - 378;4540154;Juan Casas
Acer;Calle 26 # 75 - 379;4540155;Juan Casas
Acer;Calle 26 # 75 - 380;4540156;Juan Casas
Acer;Calle 26 # 75 - 381;4540157;Juan Casas
Acer;Calle 26 # 75 - 382;4540158;Juan Casas
Acer;Calle 26 # 75 - 383;4540159;Juan Casas
Acer;Calle 26 # 75 - 384;4540160;Juan Casas
Acer;Calle 26 # 75 - 385;4540161;Juan Casas
Acer;Calle 26 # 75 - 386;4540162;Juan Casas
Acer;Calle 26 # 75 - 387;4540163;Juan Casas
Acer;Calle 26 # 75 - 388;4540164;Juan Casas
Acer;Calle 26 # 75 - 389;4540165;Juan Casas
Acer;Calle 26 # 75 - 390;4540166;Juan Casas
Acer;Calle 26 # 75 - 391;4540167;Juan Casas
Acer;Calle 26 # 75 - 392;4540168;Juan Casas
Acer;Calle 26 # 75 - 393;4540169;Juan Casas
Acer;Calle 26 # 75 - 394;4540170;Juan Casas
Acer;Calle 26 # 75 - 395;4540171;Juan Casas
Acer;Calle 26 # 75 - 396;4540172;Juan Casas
Acer;Calle 26 # 75 - 397;4540173;Juan Casas
Acer;Calle 26 # 75 - 398;4540174;Juan Casas
Acer;Calle 26 # 75 - 399;4540175;Juan Casas
Acer;Calle 26 # 75 - 400;4540176;Juan Casas
Acer;Calle 26 # 75 - 401;4540177;Juan Casas
Acer;Calle 26 # 75 - 402;4540178;Juan Casas
Acer;Calle 26 # 75 - 403;4540179;Juan Casas
Acer;Calle 26 # 75 - 404;4540180;Juan Casas
Acer;Calle 26 # 75 - 405;4540181;Juan Casas
Acer;Calle 26 # 75 - 406;4540182;Juan Casas
Acer;Calle 26 # 75 - 407;4540183;Juan Casas
Acer;Calle 26 # 75 - 408;4540184;Juan Casas
Acer;Calle 26 # 75 - 409;4540185;Juan Casas
Acer;Calle 26 # 75 - 410;4540186;Juan Casas
Acer;Calle 26 # 75 - 411;4540187;Juan Casas
Acer;Calle 26 # 75 - 412;4540188;Juan Casas
Acer;Calle 26 # 75 - 413;4540189;Juan Casas
Acer;Calle 26 # 75 - 414;4540190;Juan Casas
Acer;Calle 26 # 75 - 415;4540191;Juan Casas
Acer;Calle 26 # 75 - 416;4540192;Juan Casas
Acer;Calle 26 # 75 - 417;4540193;Juan Casas
Acer;Calle 26 # 75 - 418;4540194;Juan Casas
Acer;Calle 26 # 75 - 419;4540195;Juan Casas
Acer;Calle 26 # 75 - 420;4540196;Juan Casas
Acer;Calle 26 # 75 - 421;4540197;Juan Casas
Acer;Calle 26 # 75 - 422;4540198;Juan Casas
Acer;Calle 26 # 75 - 423;4540199;Juan Casas
Acer;Calle 26 # 75 - 424;4540200;Juan Casas
Acer;Calle 26 # 75 - 425;4540201;Juan Casas
Acer;Calle 26 # 75 - 426;4540202;Juan Casas
Acer;Calle 26 # 75 - 427;4540203;Juan Casas
Acer;Calle 26 # 75 - 428;4540204;Juan Casas
Acer;Calle 26 # 75 - 429;4540205;Juan Casas
Acer;Calle 26 # 75 - 430;4540206;Juan Casas
Acer;Calle 26 # 75 - 431;4540207;Juan Casas
Acer;Calle 26 # 75 - 432;4540208;Juan Casas
Acer;Calle 26 # 75 - 433;4540209;Juan Casas
Acer;Calle 26 # 75 - 434;4540210;Juan Casas
Acer;Calle 26 # 75 - 435;4540211;Juan Casas
Acer;Calle 26 # 75 - 436;4540212;Juan Casas
Acer;Calle 26 # 75 - 437;4540213;Juan Casas
Acer;Calle 26 # 75 - 438;4540214;Juan Casas
Acer;Calle 26 # 75 - 439;4540215;Juan Casas
Acer;Calle 26 # 75 - 440;4540216;Juan Casas
Acer;Calle 26 # 75 - 441;4540217;Juan Casas
Acer;Calle 26 # 75 - 442;4540218;Juan Casas
Acer;Calle 26 # 75 - 443;4540219;Juan Casas
Acer;Calle 26 # 75 - 444;4540220;Juan Casas
Acer;Calle 26 # 75 - 445;4540221;Juan Casas
Acer;Calle 26 # 75 - 446;4540222;Juan Casas
Acer;Calle 26 # 75 - 447;4540223;Juan Casas
Acer;Calle 26 # 75 - 448;4540224;Juan Casas
Acer;Calle 26 # 75 - 449;4540225;Juan Casas
Acer;Calle 26 # 75 - 450;4540226;Juan Casas
Acer;Calle 26 # 75 - 451;4540227;Juan Casas
Acer;Calle 26 # 75 - 452;4540228;Juan Casas
Acer;Calle 26 # 75 - 453;4540229;Juan Casas
Acer;Calle 26 # 75 - 454;4540230;Juan Casas
Acer;Calle 26 # 75 - 455;4540231;Juan Casas
Acer;Calle 26 # 75 - 456;4540232;Juan Casas
Acer;Calle 26 # 75 - 457;4540233;Juan Casas
Acer;Calle 26 # 75 - 458;4540234;Juan Casas
Acer;Calle 26 # 75 - 459;4540235;Juan Casas
Acer;Calle 26 # 75 - 460;4540236;Juan Casas
Acer;Calle 26 # 75 - 461;4540237;Juan Casas
Acer;Calle 26 # 75 - 462;4540238;Juan Casas
Acer;Calle 26 # 75 - 463;4540239;Juan Casas
Acer;Calle 26 # 75 - 464;4540240;Juan Casas
Acer;Calle 26 # 75 - 465;4540241;Juan Casas
Acer;Calle 26 # 75 - 466;4540242;Juan Casas
Acer;Calle 26 # 75 - 467;4540243;Juan Casas
Acer;Calle 26 # 75 - 468;4540244;Juan Casas
Acer;Calle 26 # 75 - 469;4540245;Juan Casas
Acer;Calle 26 # 75 - 470;4540246;Juan Casas
Acer;Calle 26 # 75 - 471;4540247;Juan Casas
Acer;Calle 26 # 75 - 472;4540248;Juan Casas
Acer;Calle 26 # 75 - 473;4540249;Juan Casas
Acer;Calle 26 # 75 - 474;4540250;Juan Casas
Acer;Calle 26 # 75 - 475;4540251;Juan Casas
Acer;Calle 26 # 75 - 476;4540252;Juan Casas
Acer;Calle 26 # 75 - 477;4540253;Juan Casas
Acer;Calle 26 # 75 - 478;4540254;Juan Casas
Acer;Calle 26 # 75 - 479;4540255;Juan Casas
Acer;Calle 26 # 75 - 480;4540256;Juan Casas
Acer;Calle 26 # 75 - 481;4540257;Juan Casas
Acer;Calle 26 # 75 - 482;4540258;Juan Casas
Acer;Calle 26 # 75 - 483;4540259;Juan Casas
Acer;Calle 26 # 75 - 484;4540260;Juan Casas
Acer;Calle 26 # 75 - 485;4540261;Juan Casas
Acer;Calle 26 # 75 - 486;4540262;Juan Casas
Acer;Calle 26 # 75 - 487;4540263;Juan Casas
Acer;Calle 26 # 75 - 488;4540264;Juan Casas
Acer;Calle 26 # 75 - 489;4540265;Juan Casas
Acer;Calle 26 # 75 - 490;4540266;Juan Casas
Acer;Calle 26 # 75 - 491;4540267;Juan Casas
Acer;Calle 26 # 75 - 492;4540268;Juan Casas
Acer;Calle 26 # 75 - 493;4540269;Juan Casas
Acer;Calle 26 # 75 - 494;4540270;Juan Casas
Acer;Calle 26 # 75 - 495;4540271;Juan Casas
Acer;Calle 26 # 75 - 496;4540272;Juan Casas
Acer;Calle 26 # 75 - 497;4540273;Juan Casas
Acer;Calle 26 # 75 - 498;4540274;Juan Casas
Acer;Calle 26 # 75 - 499;4540275;Juan Casas
Acer;Calle 26 # 75 - 500;4540276;Juan Casas
Acer;Calle 26 # 75 - 501;4540277;Juan Casas
Acer;Calle 26 # 75 - 502;4540278;Juan Casas
Acer;Calle 26 # 75 - 503;4540279;Juan Casas
Acer;Calle 26 # 75 - 504;4540280;Juan Casas
Acer;Calle 26 # 75 - 505;4540281;Juan Casas
Acer;Calle 26 # 75 - 506;4540282;Juan Casas
Acer;Calle 26 # 75 - 507;4540283;Juan Casas
Acer;Calle 26 # 75 - 508;4540284;Juan Casas
Acer;Calle 26 # 75 - 509;4540285;Juan Casas
Acer;Calle 26 # 75 - 510;4540286;Juan Casas
Acer;Calle 26 # 75 - 511;4540287;Juan Casas
Acer;Calle 26 # 75 - 512;4540288;Juan Casas
Acer;Calle 26 # 75 - 513;4540289;Juan Casas
Acer;Calle 26 # 75 - 514;4540290;Juan Casas
Acer;Calle 26 # 75 - 515;4540291;Juan Casas
Acer;Calle 26 # 75 - 516;4540292;Juan Casas
Acer;Calle 26 # 75 - 517;4540293;Juan Casas
Acer;Calle 26 # 75 - 518;4540294;Juan Casas
Acer;Calle 26 # 75 - 519;4540295;Juan Casas
Acer;Calle 26 # 75 - 520;4540296;Juan Casas
Acer;Calle 26 # 75 - 521;4540297;Juan Casas
Acer;Calle 26 # 75 - 522;4540298;Juan Casas
Acer;Calle 26 # 75 - 523;4540299;Juan Casas
Acer;Calle 26 # 75 - 524;4540300;Juan Casas
Acer;Calle 26 # 75 - 525;4540301;Juan Casas
Acer;Calle 26 # 75 - 526;4540302;Juan Casas
Acer;Calle 26 # 75 - 527;4540303;Juan Casas
Acer;Calle 26 # 75 - 528;4540304;Juan Casas
Acer;Calle 26 # 75 - 529;4540305;Juan Casas
Acer;Calle 26 # 75 - 530;4540306;Juan Casas
Acer;Calle 26 # 75 - 531;4540307;Juan Casas
Acer;Calle 26 # 75 - 532;4540308;Juan Casas
Acer;Calle 26 # 75 - 533;4540309;Juan Casas
Acer;Calle 26 # 75 - 534;4540310;Juan Casas
Acer;Calle 26 # 75 - 535;4540311;Juan Casas
Acer;Calle 26 # 75 - 536;4540312;Juan Casas
Acer;Calle 26 # 75 - 537;4540313;Juan Casas
Acer;Calle 26 # 75 - 538;4540314;Juan Casas
Acer;Calle 26 # 75 - 539;4540315;Juan Casas
Acer;Calle 26 # 75 - 540;4540316;Juan Casas
Acer;Calle 26 # 75 - 541;4540317;Juan Casas
Acer;Calle 26 # 75 - 542;4540318;Juan Casas
Acer;Calle 26 # 75 - 543;4540319;Juan Casas
Acer;Calle 26 # 75 - 544;4540320;Juan Casas
Acer;Calle 26 # 75 - 545;4540321;Juan Casas
Acer;Calle 26 # 75 - 546;4540322;Juan Casas
Acer;Calle 26 # 75 - 547;4540323;Juan Casas
Acer;Calle 26 # 75 - 548;4540324;Juan Casas
Acer;Calle 26 # 75 - 549;4540325;Juan Casas
Acer;Calle 26 # 75 - 550;4540326;Juan Casas
Acer;Calle 26 # 75 - 551;4540327;Juan Casas
Acer;Calle 26 # 75 - 552;4540328;Juan Casas
Acer;Calle 26 # 75 - 553;4540329;Juan Casas
Acer;Calle 26 # 75 - 554;4540330;Juan Casas
Acer;Calle 26 # 75 - 555;4540331;Juan Casas
Acer;Calle 26 # 75 - 556;4540332;Juan Casas
Acer;Calle 26 # 75 - 557;4540333;Juan Casas
Acer;Calle 26 # 75 - 558;4540334;Juan Casas
Acer;Calle 26 # 75 - 559;4540335;Juan Casas
Acer;Calle 26 # 75 - 560;4540336;Juan Casas
Acer;Calle 26 # 75 - 561;4540337;Juan Casas
Acer;Calle 26 # 75 - 562;4540338;Juan Casas
Acer;Calle 26 # 75 - 563;4540339;Juan Casas
Acer;Calle 26 # 75 - 564;4540340;Juan Casas
Acer;Calle 26 # 75 - 565;4540341;Juan Casas
Acer;Calle 26 # 75 - 566;4540342;Juan Casas
Acer;Calle 26 # 75 - 567;4540343;Juan Casas
Acer;Calle 26 # 75 - 568;4540344;Juan Casas
Acer;Calle 26 # 75 - 569;4540345;Juan Casas
Acer;Calle 26 # 75 - 570;4540346;Juan Casas
Acer;Calle 26 # 75 - 571;4540347;Juan Casas
Acer;Calle 26 # 75 - 572;4540348;Juan Casas
Acer;Calle 26 # 75 - 573;4540349;Juan Casas
Acer;Calle 26 # 75 - 574;4540350;Juan Casas
Acer;Calle 26 # 75 - 575;4540351;Juan Casas
Acer;Calle 26 # 75 - 576;4540352;Juan Casas
Acer;Calle 26 # 75 - 577;4540353;Juan Casas
Acer;Calle 26 # 75 - 578;4540354;Juan Casas
Acer;Calle 26 # 75 - 579;4540355;Juan Casas
